2459218.206967593 0.998972 0.00241916
2459218.208240741 1.00013 0.00239511
2459218.209490741 0.999275 0.00225629
2459218.210740741 0.995372 0.00217962
2459218.211990741 0.994541 0.00213359
2459218.213240741 1.00061 0.00210959
2459218.214513889 0.994345 0.00207576
2459218.215787037 0.995846 0.00204015
2459218.217048611 0.994423 0.00205299
2459218.218298611 1.00062 0.002043
2459218.219560185 0.99748 0.0020314
2459218.220833334 0.994327 0.00201727
2459218.222083333 0.999455 0.00202788
2459218.223333334 0.99564 0.0020176
2459218.224594907 0.995336 0.00201186
2459218.225844908 0.995489 0.00201718
2459218.227094907 0.996132 0.00201186
2459218.228344908 1.00134 0.00202436
2459218.229594908 0.998404 0.00201234
2459218.230844907 0.995886 0.00201072
2459218.232094908 0.999133 0.00200995
2459218.233344907 0.999993 0.00200877
2459218.234606482 0.997445 0.00200697
2459218.235856482 0.996401 0.00200866
2459218.237106482 0.997473 0.00200773
2459218.238368056 0.999117 0.00200778
2459218.239618056 0.997756 0.00201237
2459218.240879630 0.997139 0.00201163
2459218.242129630 0.997861 0.00200933
2459218.243391204 0.994574 0.00201383
2459218.244641204 0.998797 0.00201073
2459218.245891204 0.996545 0.00202952
2459218.247152778 0.996102 0.00208835
2459218.248414352 0.997723 0.00205838
2459218.249675926 0.995052 0.00200925
2459218.250937500 0.997741 0.00201727
2459218.252187500 0.99896 0.0020167
2459218.253437500 0.993297 0.00200865
2459218.254687500 0.989155 0.00200507
2459218.255937500 0.992818 0.00200426
2459218.257187500 0.998825 0.00201089
2459218.258449074 0.98772 0.00200279
2459218.259699074 0.991235 0.00201034
2459218.260960648 0.990179 0.00200777
2459218.262210649 0.988698 0.00200179
2459218.263472222 0.986092 0.00200226
2459218.264722222 0.984846 0.00200462
2459218.265972222 0.987193 0.00200599
2459218.267222222 0.978111 0.00199421
2459218.268472222 0.983793 0.00199623
2459218.269722222 0.985775 0.00199988
2459218.270972223 0.983203 0.00199072
2459218.272233796 0.985271 0.00199778
2459218.273483797 0.985688 0.00200424
2459218.274733796 0.984134 0.00199849
2459218.275983796 0.976489 0.00199088
2459218.277233797 0.984577 0.00199668
2459218.278495370 0.984858 0.002001
2459218.279745371 0.984992 0.00199651
2459218.280995370 0.983238 0.00199673
2459218.282245371 0.979395 0.00199817
2459218.283506945 0.984258 0.00200773
2459218.284756945 0.984 0.00199784
2459218.286006945 0.975888 0.00199609
2459218.287256944 0.981444 0.00199797
2459218.288599537 0.983066 0.00200042
2459218.289849537 0.98045 0.00200361
2459218.291099537 0.98114 0.00199618
2459218.292361111 0.980768 0.00199663
2459218.293634260 0.982999 0.00200134
2459218.294895833 0.981074 0.00200076
2459218.296145834 0.981697 0.00200422
2459218.297407407 0.983389 0.00200642
2459218.298668982 0.979255 0.00200519
2459218.299918982 0.982064 0.0020041
2459218.301180555 0.983374 0.00200905
2459218.302442130 0.980276 0.00200391
2459218.303692130 0.980545 0.00200205
2459218.304942130 0.978427 0.00200624
2459218.306203704 0.979281 0.00200925
2459218.307465278 0.981558 0.00201037
2459218.308715278 0.98412 0.00201863
2459218.309965278 0.980739 0.00201935
2459218.311215278 0.983865 0.0020425
2459218.312465278 0.984547 0.00203965
2459218.313715278 0.981925 0.0020219
2459218.314976852 0.982175 0.00202877
2459218.316238426 0.975392 0.00201899
2459218.317488426 0.981102 0.0020245
2459218.318738426 0.984905 0.00202604
2459218.320000000 0.975786 0.00200656
2459218.321250000 0.981125 0.0020155
2459218.322500000 0.98492 0.00201349
2459218.323750000 0.978069 0.00202144
2459218.325000000 0.975539 0.00200813
2459218.326250000 0.975158 0.00200465
2459218.327500000 0.97668 0.00201401
2459218.328761574 0.976014 0.00201121
2459218.330023148 0.98179 0.00201432
2459218.331273148 0.97851 0.00201041
2459218.332546297 0.981889 0.00201332
2459218.333796296 0.982041 0.00201377
2459218.335057870 0.981167 0.00200988
2459218.336319445 0.980211 0.00201408
2459218.337569444 0.981868 0.00201023
2459218.338831019 0.981056 0.00201192
2459218.340081019 0.982212 0.00201216
2459218.341331019 0.981753 0.00201373
2459218.342581019 0.979527 0.00201125
2459218.343842593 0.981121 0.00201431
2459218.345092593 0.981236 0.00201534
2459218.346354167 0.977902 0.0020104
2459218.347615741 0.984648 0.00201737
2459218.348865741 0.985661 0.0020255
2459218.350115741 0.984857 0.00202754
2459218.351377315 0.979006 0.00202961
2459218.352627315 0.984136 0.0020323
2459218.353877315 0.983131 0.0020358
2459218.355138889 0.980744 0.0020283
2459218.356388889 0.982811 0.00203891
2459218.357638889 0.983097 0.0020361
2459218.358888889 0.980808 0.0020378
2459218.360150463 0.986779 0.00204509
2459218.361412037 0.987488 0.00204416
2459218.362673611 0.979228 0.00202974
2459218.363923611 0.980938 0.00203451
2459218.365185185 0.985674 0.00203902
2459218.366446760 0.983156 0.00203758
2459218.367708333 0.980252 0.00203447
2459218.368958334 0.986339 0.00203934
2459218.370208333 0.985382 0.00203683
2459218.371469907 0.984284 0.00204021
2459218.372731482 0.985699 0.00204138
2459218.373981481 0.984078 0.00204124
2459218.375243056 0.991128 0.00204615
2459218.376493056 0.989817 0.00204419
2459218.377743056 0.98544 0.00203973
2459218.379016204 0.988862 0.00205116
2459218.380266204 0.991576 0.00205283
2459218.381516204 0.988994 0.00205591
2459218.382766204 0.993821 0.00206065
2459218.384016204 0.994873 0.00205974
2459218.385277778 0.996905 0.00205922
2459218.386539352 0.995911 0.00206258
2459218.387789352 0.999063 0.00206864
2459218.389039352 0.994611 0.00206812
2459218.390300926 0.998629 0.00207766
2459218.391550926 0.998216 0.00208011
2459218.392800926 0.999728 0.00206961
2459218.394062500 0.997758 0.00207996
2459218.395312500 1.00092 0.00208662
2459218.396574074 1.00317 0.00209231
2459218.397847222 0.995916 0.00207546
2459218.399108796 0.995893 0.00208562
2459218.400370371 1.00039 0.00209135
2459218.401631944 0.995572 0.0020846
2459218.402881945 0.9975 0.00208698
2459218.404155093 0.999435 0.00207849
2459218.405416667 0.998728 0.00208621
2459218.406689815 0.998299 0.00208769
2459218.407951389 1.00365 0.0020918
2459218.409212963 0.995543 0.00209219
2459218.410486111 0.995733 0.00209309
2459218.411736111 0.995117 0.00209337
2459218.412997685 0.994206 0.00208902
2459218.414259260 0.993649 0.00208542
2459218.415520833 0.995553 0.00208492
2459218.416782408 0.995073 0.002091
2459218.418032408 1.00222 0.00210255
2459218.419305556 0.99733 0.00210603
2459218.420567130 0.995214 0.00209408
2459218.421817130 0.997426 0.00209807
2459218.423078704 0.998031 0.00210501
2459218.424351852 0.994462 0.00211421
2459218.425613426 0.993155 0.00210552
2459218.426898148 0.997843 0.00211051
2459218.428171297 0.994054 0.00211128
2459218.429432870 0.998234 0.00211271
2459218.430694445 0.99308 0.00211311
2459218.431944445 0.994948 0.00212347
